# 15 15 https://arxiv.org/abs/2003.07362
30.98 16.50 18.22 18.55 18.21 21.97 22.79 19.45 25.96 21.12 21.51 14.36 21.27 15.25 17.78
16.50 40.52 18.23 18.56 18.22 21.98 22.81 19.46 25.98 21.13 21.53 14.37 21.28 15.26 17.80
18.22 18.23 214.69 20.50 20.12 24.27 25.19 21.49 28.69 23.34 23.77 15.87 23.50 16.86 19.65
18.55 18.56 20.50 204.20 20.48 24.71 25.64 21.88 29.20 23.76 24.20 16.16 23.93 17.16 20.01
18.21 18.22 20.12 20.48 123.74 24.26 25.17 21.48 28.67 23.32 23.76 15.85 23.49 16.84 19.64
21.97 21.98 24.27 24.71 24.26 155.61 30.37 25.91 34.60 28.14 28.66 19.12 28.34 20.32 23.70
22.79 22.81 25.19 25.64 25.17 30.37 197.92 26.88 35.90 29.19 29.74 19.84 29.40 21.09 24.58
19.45 19.46 21.49 21.88 21.48 25.91 26.88 104.73 30.63 24.91 25.37 16.92 25.09 17.99 20.98
25.96 25.98 28.69 29.20 28.67 34.60 35.90 30.63 197.10 33.25 33.87 22.56 33.50 24.02 28.00
21.12 21.13 23.34 23.76 23.32 28.14 29.19 24.91 33.25 90.44 27.56 18.39 27.24 19.54 22.78
21.51 21.53 23.77 24.20 23.76 28.66 29.74 25.37 33.87 27.56 176.79 18.75 27.75 19.90 23.21
14.36 14.37 15.87 16.16 15.85 19.12 19.84 16.92 22.56 18.39 18.75 291.51 18.51 13.28 15.49
21.27 21.28 23.50 23.93 23.49 28.34 29.40 25.09 33.50 27.24 27.75 18.51 414.49 19.68 22.94
15.25 15.26 16.86 17.16 16.84 20.32 21.09 17.99 24.02 19.54 19.90 13.28 19.68 1078.83 16.45
17.78 17.80 19.65 20.01 19.64 23.70 24.58 20.98 28.00 22.78 23.21 15.49 22.94 16.45 2477.36
