# 15	 15
1.242394063832485962e-02 8.673411786329188189e-03 1.004367340180878365e-02 9.379810975149283081e-03 1.070180817440657961e-02 9.103686800474797280e-03 9.102203444416367972e-03 9.156586447310210986e-03 9.275542609501030711e-03 9.272540511980231770e-03 9.182770936269513129e-03 9.058698347182314592e-03 1.052169521907053706e-02 7.241901364347214098e-03 6.324010666038049067e-03
8.673411786329188189e-03 9.761117747576264492e-03 8.257733184929616499e-03 8.069312642728476703e-03 9.244117293399689572e-03 7.988559434147113336e-03 7.969538549337684685e-03 8.092447599331364927e-03 8.010028835011340220e-03 8.127279905490780720e-03 7.999255060857635158e-03 7.952591219444471449e-03 8.838694305001837392e-03 7.085878821456503829e-03 9.421521393324638893e-03
1.004367340180878365e-02 8.257733184929616499e-03 9.821755545959653944e-03 8.437624017598288617e-03 9.841434080863464828e-03 8.733345664156288990e-03 8.656043610052677195e-03 8.700462286967081127e-03 8.743985581148194797e-03 8.777989403402131074e-03 8.772964903926094848e-03 8.703623221400391685e-03 9.698153445366841652e-03 6.974382965751146912e-03 9.656326093619327366e-03
9.379810975149283081e-03 8.069312642728476703e-03 8.437624017598288617e-03 8.808090160847825700e-03 9.126616895709815935e-03 8.261500284435285835e-03 8.175205620482017821e-03 8.211288857438603372e-03 8.242978081707263982e-03 8.232979892614622486e-03 8.196476828718601837e-03 8.226357652986848734e-03 8.944692167162315855e-03 6.326248441219206597e-03 6.706205815092403100e-03
1.070180817440657961e-02 9.244117293399689572e-03 9.841434080863464828e-03 9.126616895709815935e-03 1.132188303585301981e-02 9.293888123302451731e-03 9.239766419831596522e-03 9.365199424482995028e-03 9.356519651735339949e-03 9.342358734429012657e-03 9.320740229448176706e-03 9.239166837240020413e-03 1.026420929724736197e-02 7.568356686000754507e-03 9.282834320970323461e-03
9.103686800474797280e-03 7.988559434147113336e-03 8.733345664156288990e-03 8.261500284435285835e-03 9.293888123302451731e-03 9.214208320511119155e-03 8.499584706676444057e-03 8.545623110805422584e-03 8.589309414752221983e-03 8.494601882333085996e-03 8.616087480156409129e-03 8.659756524401984734e-03 9.122583779756610056e-03 7.309500680506175740e-03 9.313645408539628079e-03
9.102203444416367972e-03 7.969538549337684685e-03 8.656043610052677195e-03 8.175205620482017821e-03 9.239766419831596522e-03 8.499584706676444057e-03 8.718056737343715668e-03 8.383496163979486937e-03 8.519926274161093716e-03 8.429535361145212846e-03 8.474365442538100979e-03 8.564431328181854042e-03 8.884851588973674552e-03 7.114843264048431593e-03 9.047460228714498953e-03
9.156586447310210986e-03 8.092447599331364927e-03 8.700462286967081127e-03 8.211288857438603372e-03 9.365199424482995028e-03 8.545623110805422584e-03 8.383496163979486937e-03 8.625203074139164983e-03 8.424916901958567905e-03 8.494517946942892195e-03 8.438928951562729708e-03 8.531832537670425154e-03 9.068571698776395351e-03 6.667624017893558630e-03 8.000306634343701262e-03
9.275542609501030711e-03 8.010028835011340220e-03 8.743985581148194797e-03 8.242978081707263982e-03 9.356519651735339949e-03 8.589309414752221983e-03 8.519926274161093716e-03 8.424916901958567905e-03 8.668897494160887618e-03 8.414770930578185926e-03 8.519386983934396085e-03 8.543199820380209530e-03 9.024890342260505349e-03 7.090138117192168465e-03 8.874126764283118973e-03
9.272540511980231770e-03 8.127279905490780720e-03 8.777989403402131074e-03 8.232979892614622486e-03 9.342358734429012657e-03 8.494601882333085996e-03 8.429535361145212846e-03 8.494517946942892195e-03 8.414770930578185926e-03 8.620900746279858140e-03 8.406517913527977726e-03 8.533391736676776418e-03 9.126023685652739914e-03 6.800475865375688045e-03 8.214031049348591296e-03
9.182770936269513129e-03 7.999255060857635158e-03 8.772964903926094848e-03 8.196476828718601837e-03 9.320740229448176706e-03 8.616087480156409129e-03 8.474365442538100979e-03 8.438928951562729708e-03 8.519386983934396085e-03 8.406517913527977726e-03 8.903243265052651623e-03 8.595945043310848632e-03 9.247347524564020205e-03 7.044458286983967810e-03 9.761063219954735359e-03
9.058698347182314592e-03 7.952591219444471449e-03 8.703623221400391685e-03 8.226357652986848734e-03 9.239166837240020413e-03 8.659756524401984734e-03 8.564431328181854042e-03 8.531832537670425154e-03 8.543199820380209530e-03 8.533391736676776418e-03 8.595945043310848632e-03 9.140961873953301620e-03 8.969002293667927006e-03 7.209436442721539606e-03 9.322806493571533792e-03
1.052169521907053706e-02 8.838694305001837392e-03 9.698153445366841652e-03 8.944692167162315855e-03 1.026420929724736197e-02 9.122583779756610056e-03 8.884851588973674552e-03 9.068571698776395351e-03 9.024890342260505349e-03 9.126023685652739914e-03 9.247347524564020205e-03 8.969002293667927006e-03 1.219416455461441728e-02 7.990866263099860589e-03 9.742897885303136718e-03
7.241901364347214098e-03 7.085878821456503829e-03 6.974382965751146912e-03 6.326248441219206597e-03 7.568356686000754507e-03 7.309500680506175740e-03 7.114843264048431593e-03 6.667624017893558630e-03 7.090138117192168465e-03 6.800475865375688045e-03 7.044458286983967810e-03 7.209436442721539606e-03 7.990866263099860589e-03 1.569854318773877822e-02 1.106704574834793675e-02
6.324010666038049067e-03 9.421521393324638893e-03 9.656326093619327366e-03 6.706205815092403100e-03 9.282834320970323461e-03 9.313645408539628079e-03 9.047460228714498953e-03 8.000306634343701262e-03 8.874126764283118973e-03 8.214031049348591296e-03 9.761063219954735359e-03 9.322806493571533792e-03 9.742897885303136718e-03 1.106704574834793675e-02 5.396941997992144024e-02
